2*(4+3)
sqrt(64)
factorial(5)
x = [1:2:13]
x = linspace(0,8,6)
a= [1 2 3; 4 5 6; 7 8 9]